3.10178141131621
-4.11623350839445e-16
5.93353069554416e-05
2.96556642043738e-05
2.33434783678384e-05
-2.00378594617292e-16
1.9283734028425e-16
-9.47532841331441e-06
-4.30273581322952e-05
3.08634706729442e-16
-3.42216814066168e-05
-2.67340802762521e-05
-1.04761194354173e-16
-4.33867819332257e-17
5.89390876748503e-06
2.52473049646669e-06
-0.0605556137337565
4.68967897416906e-16
6.44672850906714e-17
8.32960533511499e-07
2.08543618440808e-05
-1.60288107023064e-17
3.92810750710094e-18
-0.000254940824462474
4.99741947972518e-06
1.54930354418776e-16
-8.28260483882279e-05
-3.6599234698287e-05
3.01636003561581e-17
4.21093180706905e-18
1.76961523568466e-06
-9.57836546283088e-08
1.95394611375151e-19
-1.44611205861924e-20
-2.92271058424875e-07
-5.29851004210459e-09
0.0596548657415689
2.34449633104946e-17
2.03654776659797e-16
1.43273272899346e-06
2.30189227258795e-05
-1.16283192353263e-17
2.02025737323664e-18
-0.000117267331562623
4.50373883580033e-07
8.17556416304229e-20
-1.18561471872366e-19
3.9449513821798e-09
-1.50421024405811e-08
-2.13485173310436e-16
0.000103930608028199
4.03968263411187e-05
2.35946374843397e-18
-1.04556129612899e-17
-7.68058624475582e-07
-8.6448486859747e-07
-5.32624399231883e-20
1.21752033277891e-19
-1.32872473529259e-08
-1.31824818592995e-09
2.46365493317612e-20
-1.47406946663826e-20
-2.69300000976707e-09
4.04825301255935e-10
-0.159926781019972
-1.91519702144583e-16
-4.45499394398372e-17
-1.1593502971449e-06
-8.05057556901693e-06
-2.47875845702295e-18
2.23647423389714e-18
-1.90747010639326e-05
-3.76749691900783e-07
-3.59897789059436e-20
-5.04644831541123e-21
1.25053797872753e-09
-3.00638459252706e-09
1.61222369319057e-21
6.1080978693908e-22
-2.83367580361937e-08
-1.11482485743176e-10
